790

,1161163666111

11611666666666166, 61666 111661, 101.

1161116 1161666661611661, 6136616666, 518.

11611166 del cumpo (1161113666 cmm). 5,1,
11, 16, 50, 56, 81, 158, 106111, 106, 101115,
691,806,561,518,118,110,115,111,16,

Mediolanum, vido 1111666.

1161116, 166616, 158, 616.

Messana. 616611666166.

11666666666 661163166 S. J. , 116, 118, 111,

11666166(11666666>, 111, 116118, 150, 151,
fflfflfflfflffiffiffiffiffl
&Qmffi

6611666661661.6166 1166166661 66666.

116113666666 collegium 6. 1., 6,·16, mu.

1111666(11661616666),196.

1166666 (11611661,09,11,’16,111,111,116,
119, 111181, 665, mimi

Monrsnlo (11666 11636116),16 8161116,618,

1166616166166,6166 1166116116161.

116616 Pano, 1111, 616, 668.

1161116 Sunio, 1118.

1166166116, 66, 560, 658.

11661616)1 (11666 11636116). 16 Hispanis, 115,

11661166666(11666161661661,661. .
116611116666 6611631661 6. 1.,11,66.
1166166116, 6116681101.

11616, in 1661111616, 111.
1161616,611, 6111.

1161616666 Collegium S. 1 ., 11, 66.
1161166, 6166 1166666.

Mutinense 6611631116 6. 1.,11, 115.

N

Nundy (66166-611161661, 166.

1166611 (Neapolis), ³¹, 65, 156, 158. 230, 111.

Neapolitanum collegium S. 1., 110.

116666 (1166661661. 155.

11166161, Sancti, tempium 81, 1166666116,
QOffl

11166366 (1167166636111),166,189, 191, 116.
151, 698, 155.

116166166,6116 Nouus.

Ο

06 nnn, 118.

03661666666116316111 S. 1.,6111.
0111616 1166611650, 51.
01366166, 6166 1161166.
0616616616,118,111,115.

INDEX usounnpfflcus

orphanorum 6611631616, Murus, 16 insin·
616, 161, aei.

0136666166661666,6. incubi 66 iuna
- (11616, 1166616111, 59.

061666 1066166161.

Ρ

Ριάον6(1>6166166),106,118.

1616166 ( panormum), 18, 11, im, 161,
iiiiii 1666166666, 6616666611,
515, 610, 611. ·

1666τωὶ16666 collegium 6. 1.,158,511

1666616666 collegium, Arabicum 61·
61616, 1511, 616, 515.

1666116616, vids Pnisrmu.

Paris (1611611, 1616116 1611616666), im.
110111. 191, 196,111,111, 16111615·
511, 611, 611, um.

1611116666 6111163166 S. 1., 1ῖο.

1611616666 Collegium, 1166611666161666

1611616661 collegium, 66156666 dissum.

Ρ611616661666666616,111,518.
parisiensis dioecesis, 111.

1611611, 61116 Puris.

16166166666611631616 6. 1 ., 106, ww·

Patavium, 6666 166666.

1616316116161166), 19, 61, 65, m, mi,
5105111116, 618, ὣ).

Perusinum 6611631666. 1., 115, su, 5116
518, 611, 080.

1616616661661163166616116616611611116
61, 16.

Petusium, 6166 1616316.

3616116, 101.

Philippi (1166616, 666611, 16161166 1661·
pium, 1166666116, 111.

Picenus Ager, ssu 6666611666 11616116,
QQQQffi

1166111666),191.

1166661166166116666616.

Placentinum 6611631661 6. 1., 11, 61, 111,
515, 511, 511581.

1166666111 (Pincensia), 11, 15, 18, 16, 11,
mmmfflfflfflfflmffiffl

111.

11666116-611661666,610.

1611636116, uida Lusitanis.

Prng (11636), 561561.

11636616 collegium s. 1., 5611, 561.

R.

661616616616636, 669.
11616666, 815.

1166661111, 616, 661, 558, 651.

 

