INDEX GEOGRAPHICUS

11166, 666, 661, 669, 640, 101.

11661166, monasterium 66, 61116 11666666.

116166, 1, 64, 42, 14, 109, 110,146,149,1ῶ.
mmmffimmmfflm
mmffimfflmfflffiffl
ffiffimwffifflmmm

1166666 91616666166 domus S. 1., 165.

1166166616 Collegium 8. 1., Germanicum
616166, 255, 101.

11666666066661668. J ., 6666661661-
6166, 110, 655, 619, 684, 156.

11666666, 666661611668. 1666616 66611·
6166 66, 16166 dictum 116 1116116116 (16
textu Rognon), Ρ666161,514,611.

1166161 (Insulae), 56.

S.

86161666611166116-861166, 661.

8616191666, 66616, 665.

8616 vel 861616 imperio 116166111661.

8616616666 (8616661166), 1, 48, 50, 56, 61,
14, 18,191,109,191,Μ,609, 619, 616, 984,
mffiwmmwmwm

8616166111.

8616661166, 61116 Summam.

8616661166666061166166 S. 1.,11,191-199,
16161, 139, 141141.

8616661166666 Collegium, S. 661166166661
616166, 511.

866 9166, 61666 0661666666, 156.

866 (11616661, 61.

866611 0611166616 monasterium (16 16116
do 6611616 016616),16 Sicilia, 649.

866611 8611616116 16616166, 11166611, 611.

sanctissimae ’1116116116 66666, 16116116,

86616661 66 6611616661, 21, 59, 600, 611,
fflmmffi

866166616666061163166 S. 1., 56, 66, 609.

86611136 66 0666661616 (compostella), 661,
601.

8611666, 296.

8661166, vido 861166.

8666111166, 61116 86661116.

segobricensis 616666611, 111.

86661116 (8666111166, 16 16616 8661616166),

8666116666 Collegium 8. 1., 50.

8666666116 616666616, 116.

66616,616166616

8666666666, 6116 81666666.

86611666666116 probationis domus 8. 1.,
66616115.

86161161, 169.

791

8611116 (11116611115158, 198, ms, 981, 9911,
698, 910, 616119, 680, 966, 410, 494, 505,
mfflwmfflmmfflm

81611166 rognum, 45, 40, 154, 619, 483.

Siguntlnum Collegium, Theologorum di·
61661, 96.

81666666 (septimum), 49, 66, 04, 691,

601, 381, 661, 681, 411561, 561111169,

140. »

81166666 (8111666166), 45, 61, 146, 150, 159,

604.

811616 (16 textu 011616 61 0111616), 661669.

8616666606116611161, 96116116, 61116 9611-
616666 Collegium, 86156666 616166.

861166 (86611661), 669.

Stephani, 866611, templum, 1161161166, 10.

Sugurblum, 6116 8666166.

syracusae, 6116 8111161166.

syracusanum collegium S 1., 45, 61, 115,
216, 468, 654.

Τ.

161666, 161666111166666), 165.

1111116 (16 16616 1661616), 69.

1116661661), 411, 414, 604, 601.

161666 (1616166), 686, 416.

Tolosa, 611116616666.

16166611166,·10·16,48.

Turnacum, 6166 16111661.

1616, 566.

16616666 (161666), 641.

’1661661 (1616661116), 68,40·46, 161, 168, 140,
mmmmwmffimmw
591, 691, 669.

1161166, 61.

Tripoli, 238, 606.

’1661616666 (66 1111116) monasterium, 199.

’1661616666 111616.

Tutum, 61116 161616.

11661, 6166111611.

1166111666 0611661668. 1., 50, 414, 001 .

U.

Ulmum, olyssipona, 6161 111666.

6166616666666 Collegium 8. 1., 8. ,4616-
6116161116, 91, 106, 965, 298, 452, 608, 611,

Uffliponensis 916166661661 66666 8. 1.,
8. 1166111 61616, 191, 619, 618, 545,111.

V.

valencia (16166116), 61, 01, 116, lm, 161,
mmmmmawmffl
419, 466, 449, 441, 596600, 110, 114.

 

