316 0111001000110111111151005

10010100 0100005 00005 0000 01 P. Maestro visitando, 051 10
010105 como la 0001110, 00000 10001105 communmente 01001
0 51001010 00 rodillas: esto 01100100101001000 11010005 00 1
0 0 10 100οο5 00 10105 000 000 0011010 00 0011111100 00 10 011
010οε 00110 000150 000 1000 000005 00011000105, y 000
51, Ι00 10 01010000 10000 01 Ρο010 00001 1005100 010 000 001
0110 0010110 00 50001 0050005. Μο5 00 10001100 055100
0010 00100001 10 1000100010 000 105 001000, 5100 10000 0
010 00010501 105 0100000 10001100 (10 00010001050110000Ι
tiempo 000100001010).

Α551000, 00100 50 000 00 10 000 10000 01000, 0000 010
0005 00100101 50110000 0011010οη05 005 00105 0010051010
015011110 0001001 la deuocion‚ si 0050001 examen 010001
00510 00100005 0100 0011000οε010 010 000 05 1005, que 500
10005 00 0510 001 10 obediencia, 0000510010010100010 se 0
00111011 (que como el demonio 5001000001 00105 cosas«
obediencia) 10001105 00005110010 grandes 11051105 0005
10100105, 01 000010110010 00 105 000105 00 0 00 00100000
011010010 0 00100 0101000010 105 00000.

10510100οο5 0050005 00 000 0510 00510 0501111001, 0000
010000 10100050 0 occupas 10005 (como ya 000105 1000001
hasta que en 01 00110010 1011100 0 10 0000. Y los dias 00 a}
0511015010 00000 001101100 010 misma 0010000 10500110
00100110010105 dias 00 000 50 0000, 00010000050 10 0
0551 00 01100100010 00 105 mortificationes y otras cosas
10000 dicho: acabada 10 0000 00000 505 10005,10500011
principio 50 110010 001105 00 vna silla por 00 01101 000 0111
Los que los 00 00 00001 0100105 01 P. Maestr0, 0 5101 a}
0510, 01 Ρ. Confessor, que 00000 00 50 lugar: y ay 00 11010
000 01010000105000 10511000οῑ y 0 105 00005 01 P. Maestro 1
111100 1000 0100 01 Μο05110 00105 10005, 0101000010 que no
0000, 0 00505 501001001οε. A los que 00000 105 10005, 0005
005 1051000000 000 01000 010000 0050 50010 01105 contr
01150105, 01105, 00100 01105 0010100000 00 00001105 10005 1
011001001100010 50 0000 0 1051005 000005), 105111000001Ρ. M
tro 00110150 0 00001550 001 01110110, 00 10500005 05101 00
011100 00510 000105 mande 10000101. Y 0100005 00005 0 105
05100 00 0010100οο en 10 2.1 mesa les 1000000 10000101 0 h.
los tonos, Los quales 0010 00110 005110, 000 05105 morti]

 

