INDEX 06011656166661163061111611

616, 618, 661, 611, 1111, 106, ’161, ’16411421
116, m.

616616 61 castro, 166666 66, 61166 166666
66 Angor 61611, 111 11666616616 66 ,11-
6661666 uxor, 61.

6661661 66616666, 6116666111 66, 666166
6666616611 61666 616111, 86.

-86161116,6.111611681, 16, 161, liii-iffi, 668,

66661611661 66661166), 6. 66166166, 610,
stmeffimmm

8666666 66 66661666, 0666166, 0666166116
6611666666, 111.

66666166, 06666666, 6166οο616.

-866666666666, 6, 01116, 186, 211 , 686, 868,
mamm

66611, P. Panormus, 6661616661· 06116611
1111166166, 0111166 66666661166666616·
616116, 101, 11ο,11’1,1111-168, 686, iii-w,
mffifflwmQffi

1166661166, P. 6666616666,168.

66116, ling. 6116666, soror, 116, 166, m.

66116,’1116666, noviomagensis 666166166
6616616 6116661666, 116161.

66666661606116611 8. 1. 1166166, 6166 ΔΙ-
vuer 661 666116-16. 11661666, 066666

66666616666166 66, 61, 86.

6661666616, 6. Bartholomaeus 66, 66611·
666666616 6666116616 66666 8. J. 8666·
6166,60,66,88,68,661,611,161,ὥ, mr,
66,-86611666 6666661166 666616616116,
mfflmmmm

6661666616, 16.166666666,811.

6616666, 66661666601161616666666,886.

C

0611611666, 6. 166666166, ’61,

066166666166106116611 8. J. Superior,
6166116166, 6. 6666616666 66,-11. 116666.

magunum 66661661666666, 6186
ungor, 66666661666 dr.

1161616666, 166661666 66, 118.

0616166116, 11166611, 611.

06166, 16. 6166661166, 0. 6., 6166616616
6661616611 11. 66611 66166, 618, 882.

-066666666616 66166666, 6166 croy, 66·
1166166 66.

06666661, 1666666, 8666616616 1161666·
666 61 066616, 111, 166168, 161.

1166666616, 61666, 611.

06661, 1166, 661666, ‘roo-m.

06661666, 6. Adrianus, 6116 witto.

0661611, 6. 66161, 6111661666, 6166 866611.

06616166, 6. 661666, 6166116616.

0666, 16.1161611166,0. 6., 866.

0661116, 161666666, 216.

0166666, 16., 0. 8. 66,, 680.

06666116, 8166116666, 161666.

01666666 61 66611666, 66666661666 66, 11
usquein Dux 61 1 11666616 66 irione,
1161661166 666666, 261, 666, 668, 161.
-11166 uxor, 6166 6616666, 6116666111 do.

0666666,16. (1666161666, 801.

06666166, 6. 1161611166, 1166666616 06116611
S. 1. 666166, 666166 1616166166 6616166-
61166 coadjutor 1161666666131665, 118.

066611 V 1666616616 secretarius, 6166
linquar-ti 6661666.

cuorus, 6166611166 66166666, 66111661 11
11116616.

616161166666166, 1116666166 Rex, 116,
161,·168.

06661611616161 6166 61, 0666166116 ear·
666616, 188, 611.

06666666, 11166661616116666666, 61.

0666666,16. 1666666 66 16, lli, 161.

01661166, 16. 8161661666666, 661.

carthaginensi· 1161666666 (16 1116666161,
6166 6166666, 6166116666 66,-16. 116611-
66166 116666.

06666161, 66161, 81, ἃ

06666166,11666616666, 611.

06661666, 6. 1666666 6111116666, 111, 188.

0616666166, 1 06666 66, 6166 61116166.

caterine 06666 61611116, 6166 fernandez
6611616666.

0661161166 Regina. 6166 116616166661611...

066166, 6. christophorus 66, 86, 566.

061666, 1666666 6, 161, 668, 687.

061666166661661616, 16611661661166166,
ΆΜΜἋἨΜΜΆΜ

0616, 111, 161, 601.

06661166, 0166666 61666.

0666666166, 6. 16666661166661166, 66-
11661161 06116611 8. 1. 1166166, iiiiii.

0666166616 E 61666666, 6166 66666, 1116116111
66 16.

06666, 1666666 66 16, iv Dux 66 1166166-
661161.

0666661116 66 8616666(]6616 61166, 6.·
66616), Dr. 066666, 61661166666661116-
6166661 61666166, 61, 561, 661, 160.

cervini, 1166661166, 0666166116 6666116
0661616166, 861, 86).

Corvini, 1166661166, 0666166116 6666166
crucio, 666166 1166661166 11 666111, mv.
861881, 86.

066661116, 116,, 661, 666.

0116611111 (01661661, 8661661), 6. 0616111166,
M. 188111, 668, 661618, 818, 161, 166,
ΜΜΜΜΜ

066166661116666 66166666, 6166 6666166.

 

